0.0000000000 0.0000000000 0.0000000000
0.0263157895 0.0000000000 0.0000000000
0.0526315789 0.0000000000 0.0000000000
0.0789473684 0.0000000000 0.0000000000
0.1052631579 0.0000000000 0.0000000000
0.1315789474 0.0000000000 0.0000000000
0.1578947368 0.0000000000 0.0000000000
0.1842105263 0.0000000000 0.0000000000
0.2105263158 0.0000000000 0.0000000000
0.2368421053 0.0000000000 0.0000000000
0.2631578947 0.0000000000 0.0000000000
0.2894736842 0.0000000000 0.0000000000
0.3157894737 0.0000000000 0.0000000000
0.3421052632 0.0000000000 0.0000000000
0.3684210526 0.0000000000 0.0000000000
0.3947368421 0.0000000000 0.0000000000
0.4210526316 0.0000000000 0.0000000000
0.4473684211 0.0000000000 0.0000000000
0.4736842105 0.0000000000 0.0000000000
0.5000000000 0.0000000000 0.0000000000
0.5000000000 0.0000000000 0.0000000000
0.4912280702 0.0175438596 0.0000000000
0.4824561404 0.0350877193 0.0000000000
0.4736842105 0.0526315789 0.0000000000
0.4649122807 0.0701754386 0.0000000000
0.4561403509 0.0877192982 0.0000000000
0.4473684211 0.1052631579 0.0000000000
0.4385964912 0.1228070175 0.0000000000
0.4298245614 0.1403508772 0.0000000000
0.4210526316 0.1578947368 0.0000000000
0.4122807018 0.1754385965 0.0000000000
0.4035087719 0.1929824561 0.0000000000
0.3947368421 0.2105263158 0.0000000000
0.3859649123 0.2280701754 0.0000000000
0.3771929825 0.2456140351 0.0000000000
0.3684210526 0.2631578947 0.0000000000
0.3596491228 0.2807017544 0.0000000000
0.3508771930 0.2982456140 0.0000000000
0.3421052632 0.3157894737 0.0000000000
0.3333333333 0.3333333333 0.0000000000
0.3333333333 0.3333333333 0.0000000000
0.3157894737 0.3157894737 0.0000000000
0.2982456140 0.2982456140 0.0000000000
0.2807017544 0.2807017544 0.0000000000
0.2631578947 0.2631578947 0.0000000000
0.2456140351 0.2456140351 0.0000000000
0.2280701754 0.2280701754 0.0000000000
0.2105263158 0.2105263158 0.0000000000
0.1929824561 0.1929824561 0.0000000000
0.1754385965 0.1754385965 0.0000000000
0.1578947368 0.1578947368 0.0000000000
0.1403508772 0.1403508772 0.0000000000
0.1228070175 0.1228070175 0.0000000000
0.1052631579 0.1052631579 0.0000000000
0.0877192982 0.0877192982 0.0000000000
0.0701754386 0.0701754386 0.0000000000
0.0526315789 0.0526315789 0.0000000000
0.0350877193 0.0350877193 0.0000000000
0.0175438596 0.0175438596 0.0000000000
0.0000000000 0.0000000000 0.0000000000
0.0000000000 0.0000000000 0.0000000000
0.0000000000 0.0000000000 0.0263157895
0.0000000000 0.0000000000 0.0526315789
0.0000000000 0.0000000000 0.0789473684
0.0000000000 0.0000000000 0.1052631579
0.0000000000 0.0000000000 0.1315789474
0.0000000000 0.0000000000 0.1578947368
0.0000000000 0.0000000000 0.1842105263
0.0000000000 0.0000000000 0.2105263158
0.0000000000 0.0000000000 0.2368421053
0.0000000000 0.0000000000 0.2631578947
0.0000000000 0.0000000000 0.2894736842
0.0000000000 0.0000000000 0.3157894737
0.0000000000 0.0000000000 0.3421052632
0.0000000000 0.0000000000 0.3684210526
0.0000000000 0.0000000000 0.3947368421
0.0000000000 0.0000000000 0.4210526316
0.0000000000 0.0000000000 0.4473684211
0.0000000000 0.0000000000 0.4736842105
0.0000000000 0.0000000000 0.5000000000
0.0000000000 0.0000000000 0.5000000000
0.0263157895 0.0000000000 0.5000000000
0.0526315789 0.0000000000 0.5000000000
0.0789473684 0.0000000000 0.5000000000
0.1052631579 0.0000000000 0.5000000000
0.1315789474 0.0000000000 0.5000000000
0.1578947368 0.0000000000 0.5000000000
0.1842105263 0.0000000000 0.5000000000
0.2105263158 0.0000000000 0.5000000000
0.2368421053 0.0000000000 0.5000000000
0.2631578947 0.0000000000 0.5000000000
0.2894736842 0.0000000000 0.5000000000
0.3157894737 0.0000000000 0.5000000000
0.3421052632 0.0000000000 0.5000000000
0.3684210526 0.0000000000 0.5000000000
0.3947368421 0.0000000000 0.5000000000
0.4210526316 0.0000000000 0.5000000000
0.4473684211 0.0000000000 0.5000000000
0.4736842105 0.0000000000 0.5000000000
0.5000000000 0.0000000000 0.5000000000
0.5000000000 0.0000000000 0.5000000000
0.4912280702 0.0175438596 0.5000000000
0.4824561404 0.0350877193 0.5000000000
0.4736842105 0.0526315789 0.5000000000
0.4649122807 0.0701754386 0.5000000000
0.4561403509 0.0877192982 0.5000000000
0.4473684211 0.1052631579 0.5000000000
0.4385964912 0.1228070175 0.5000000000
0.4298245614 0.1403508772 0.5000000000
0.4210526316 0.1578947368 0.5000000000
0.4122807018 0.1754385965 0.5000000000
0.4035087719 0.1929824561 0.5000000000
0.3947368421 0.2105263158 0.5000000000
0.3859649123 0.2280701754 0.5000000000
0.3771929825 0.2456140351 0.5000000000
0.3684210526 0.2631578947 0.5000000000
0.3596491228 0.2807017544 0.5000000000
0.3508771930 0.2982456140 0.5000000000
0.3421052632 0.3157894737 0.5000000000
0.3333333333 0.3333333333 0.5000000000
0.3333333333 0.3333333333 0.5000000000
0.3157894737 0.3157894737 0.5000000000
0.2982456140 0.2982456140 0.5000000000
0.2807017544 0.2807017544 0.5000000000
0.2631578947 0.2631578947 0.5000000000
0.2456140351 0.2456140351 0.5000000000
0.2280701754 0.2280701754 0.5000000000
0.2105263158 0.2105263158 0.5000000000
0.1929824561 0.1929824561 0.5000000000
0.1754385965 0.1754385965 0.5000000000
0.1578947368 0.1578947368 0.5000000000
0.1403508772 0.1403508772 0.5000000000
0.1228070175 0.1228070175 0.5000000000
0.1052631579 0.1052631579 0.5000000000
0.0877192982 0.0877192982 0.5000000000
0.0701754386 0.0701754386 0.5000000000
0.0526315789 0.0526315789 0.5000000000
0.0350877193 0.0350877193 0.5000000000
0.0175438596 0.0175438596 0.5000000000
0.0000000000 0.0000000000 0.5000000000
0.5000000000 0.0000000000 0.5000000000
0.5000000000 0.0000000000 0.4736842105
0.5000000000 0.0000000000 0.4473684211
0.5000000000 0.0000000000 0.4210526316
0.5000000000 0.0000000000 0.3947368421
0.5000000000 0.0000000000 0.3684210526
0.5000000000 0.0000000000 0.3421052632
0.5000000000 0.0000000000 0.3157894737
0.5000000000 0.0000000000 0.2894736842
0.5000000000 0.0000000000 0.2631578947
0.5000000000 0.0000000000 0.2368421053
0.5000000000 0.0000000000 0.2105263158
0.5000000000 0.0000000000 0.1842105263
0.5000000000 0.0000000000 0.1578947368
0.5000000000 0.0000000000 0.1315789474
0.5000000000 0.0000000000 0.1052631579
0.5000000000 0.0000000000 0.0789473684
0.5000000000 0.0000000000 0.0526315789
0.5000000000 0.0000000000 0.0263157895
0.5000000000 0.0000000000 0.0000000000
0.3333333333 0.3333333333 0.0000000000
0.3333333333 0.3333333333 0.0263157895
0.3333333333 0.3333333333 0.0526315789
0.3333333333 0.3333333333 0.0789473684
0.3333333333 0.3333333333 0.1052631579
0.3333333333 0.3333333333 0.1315789474
0.3333333333 0.3333333333 0.1578947368
0.3333333333 0.3333333333 0.1842105263
0.3333333333 0.3333333333 0.2105263158
0.3333333333 0.3333333333 0.2368421053
0.3333333333 0.3333333333 0.2631578947
0.3333333333 0.3333333333 0.2894736842
0.3333333333 0.3333333333 0.3157894737
0.3333333333 0.3333333333 0.3421052632
0.3333333333 0.3333333333 0.3684210526
0.3333333333 0.3333333333 0.3947368421
0.3333333333 0.3333333333 0.4210526316
0.3333333333 0.3333333333 0.4473684211
0.3333333333 0.3333333333 0.4736842105
0.3333333333 0.3333333333 0.5000000000
