0.0000000000 0.0000000000 0.0000000000
0.0263157895 0.0000000000 0.0263157895
0.0526315789 0.0000000000 0.0526315789
0.0789473684 0.0000000000 0.0789473684
0.1052631579 0.0000000000 0.1052631579
0.1315789474 0.0000000000 0.1315789474
0.1578947368 0.0000000000 0.1578947368
0.1842105263 0.0000000000 0.1842105263
0.2105263158 0.0000000000 0.2105263158
0.2368421053 0.0000000000 0.2368421053
0.2631578947 0.0000000000 0.2631578947
0.2894736842 0.0000000000 0.2894736842
0.3157894737 0.0000000000 0.3157894737
0.3421052632 0.0000000000 0.3421052632
0.3684210526 0.0000000000 0.3684210526
0.3947368421 0.0000000000 0.3947368421
0.4210526316 0.0000000000 0.4210526316
0.4473684211 0.0000000000 0.4473684211
0.4736842105 0.0000000000 0.4736842105
0.5000000000 0.0000000000 0.5000000000
0.5000000000 0.0000000000 0.5000000000
0.5000000000 0.0131578947 0.5131578947
0.5000000000 0.0263157895 0.5263157895
0.5000000000 0.0394736842 0.5394736842
0.5000000000 0.0526315789 0.5526315789
0.5000000000 0.0657894737 0.5657894737
0.5000000000 0.0789473684 0.5789473684
0.5000000000 0.0921052632 0.5921052632
0.5000000000 0.1052631579 0.6052631579
0.5000000000 0.1184210526 0.6184210526
0.5000000000 0.1315789474 0.6315789474
0.5000000000 0.1447368421 0.6447368421
0.5000000000 0.1578947368 0.6578947368
0.5000000000 0.1710526316 0.6710526316
0.5000000000 0.1842105263 0.6842105263
0.5000000000 0.1973684211 0.6973684211
0.5000000000 0.2105263158 0.7105263158
0.5000000000 0.2236842105 0.7236842105
0.5000000000 0.2368421053 0.7368421053
0.5000000000 0.2500000000 0.7500000000
0.5000000000 0.2500000000 0.7500000000
0.4934210526 0.2565789474 0.7500000000
0.4868421053 0.2631578947 0.7500000000
0.4802631579 0.2697368421 0.7500000000
0.4736842105 0.2763157895 0.7500000000
0.4671052632 0.2828947368 0.7500000000
0.4605263158 0.2894736842 0.7500000000
0.4539473684 0.2960526316 0.7500000000
0.4473684211 0.3026315789 0.7500000000
0.4407894737 0.3092105263 0.7500000000
0.4342105263 0.3157894737 0.7500000000
0.4276315789 0.3223684211 0.7500000000
0.4210526316 0.3289473684 0.7500000000
0.4144736842 0.3355263158 0.7500000000
0.4078947368 0.3421052632 0.7500000000
0.4013157895 0.3486842105 0.7500000000
0.3947368421 0.3552631579 0.7500000000
0.3881578947 0.3618421053 0.7500000000
0.3815789474 0.3684210526 0.7500000000
0.3750000000 0.3750000000 0.7500000000
0.3750000000 0.3750000000 0.7500000000
0.3552631579 0.3552631579 0.7105263158
0.3355263158 0.3355263158 0.6710526316
0.3157894737 0.3157894737 0.6315789474
0.2960526316 0.2960526316 0.5921052632
0.2763157895 0.2763157895 0.5526315789
0.2565789474 0.2565789474 0.5131578947
0.2368421053 0.2368421053 0.4736842105
0.2171052632 0.2171052632 0.4342105263
0.1973684211 0.1973684211 0.3947368421
0.1776315789 0.1776315789 0.3552631579
0.1578947368 0.1578947368 0.3157894737
0.1381578947 0.1381578947 0.2763157895
0.1184210526 0.1184210526 0.2368421053
0.0986842105 0.0986842105 0.1973684211
0.0789473684 0.0789473684 0.1578947368
0.0592105263 0.0592105263 0.1184210526
0.0394736842 0.0394736842 0.0789473684
0.0197368421 0.0197368421 0.0394736842
0.0000000000 0.0000000000 0.0000000000
0.0000000000 0.0000000000 0.0000000000
0.0263157895 0.0263157895 0.0263157895
0.0526315789 0.0526315789 0.0526315789
0.0789473684 0.0789473684 0.0789473684
0.1052631579 0.1052631579 0.1052631579
0.1315789474 0.1315789474 0.1315789474
0.1578947368 0.1578947368 0.1578947368
0.1842105263 0.1842105263 0.1842105263
0.2105263158 0.2105263158 0.2105263158
0.2368421053 0.2368421053 0.2368421053
0.2631578947 0.2631578947 0.2631578947
0.2894736842 0.2894736842 0.2894736842
0.3157894737 0.3157894737 0.3157894737
0.3421052632 0.3421052632 0.3421052632
0.3684210526 0.3684210526 0.3684210526
0.3947368421 0.3947368421 0.3947368421
0.4210526316 0.4210526316 0.4210526316
0.4473684211 0.4473684211 0.4473684211
0.4736842105 0.4736842105 0.4736842105
0.5000000000 0.5000000000 0.5000000000
0.5000000000 0.5000000000 0.5000000000
0.5065789474 0.4868421053 0.5065789474
0.5131578947 0.4736842105 0.5131578947
0.5197368421 0.4605263158 0.5197368421
0.5263157895 0.4473684211 0.5263157895
0.5328947368 0.4342105263 0.5328947368
0.5394736842 0.4210526316 0.5394736842
0.5460526316 0.4078947368 0.5460526316
0.5526315789 0.3947368421 0.5526315789
0.5592105263 0.3815789474 0.5592105263
0.5657894737 0.3684210526 0.5657894737
0.5723684211 0.3552631579 0.5723684211
0.5789473684 0.3421052632 0.5789473684
0.5855263158 0.3289473684 0.5855263158
0.5921052632 0.3157894737 0.5921052632
0.5986842105 0.3026315789 0.5986842105
0.6052631579 0.2894736842 0.6052631579
0.6118421053 0.2763157895 0.6118421053
0.6184210526 0.2631578947 0.6184210526
0.6250000000 0.2500000000 0.6250000000
0.6250000000 0.2500000000 0.6250000000
0.6184210526 0.2500000000 0.6315789474
0.6118421053 0.2500000000 0.6381578947
0.6052631579 0.2500000000 0.6447368421
0.5986842105 0.2500000000 0.6513157895
0.5921052632 0.2500000000 0.6578947368
0.5855263158 0.2500000000 0.6644736842
0.5789473684 0.2500000000 0.6710526316
0.5723684211 0.2500000000 0.6776315789
0.5657894737 0.2500000000 0.6842105263
0.5592105263 0.2500000000 0.6907894737
0.5526315789 0.2500000000 0.6973684211
0.5460526316 0.2500000000 0.7039473684
0.5394736842 0.2500000000 0.7105263158
0.5328947368 0.2500000000 0.7171052632
0.5263157895 0.2500000000 0.7236842105
0.5197368421 0.2500000000 0.7302631579
0.5131578947 0.2500000000 0.7368421053
0.5065789474 0.2500000000 0.7434210526
0.5000000000 0.2500000000 0.7500000000
0.5000000000 0.2500000000 0.7500000000
0.5000000000 0.2631578947 0.7368421053
0.5000000000 0.2763157895 0.7236842105
0.5000000000 0.2894736842 0.7105263158
0.5000000000 0.3026315789 0.6973684211
0.5000000000 0.3157894737 0.6842105263
0.5000000000 0.3289473684 0.6710526316
0.5000000000 0.3421052632 0.6578947368
0.5000000000 0.3552631579 0.6447368421
0.5000000000 0.3684210526 0.6315789474
0.5000000000 0.3815789474 0.6184210526
0.5000000000 0.3947368421 0.6052631579
0.5000000000 0.4078947368 0.5921052632
0.5000000000 0.4210526316 0.5789473684
0.5000000000 0.4342105263 0.5657894737
0.5000000000 0.4473684211 0.5526315789
0.5000000000 0.4605263158 0.5394736842
0.5000000000 0.4736842105 0.5263157895
0.5000000000 0.4868421053 0.5131578947
0.5000000000 0.5000000000 0.5000000000
0.5000000000 0.5000000000 0.5000000000
0.4934210526 0.4934210526 0.5131578947
0.4868421053 0.4868421053 0.5263157895
0.4802631579 0.4802631579 0.5394736842
0.4736842105 0.4736842105 0.5526315789
0.4671052632 0.4671052632 0.5657894737
0.4605263158 0.4605263158 0.5789473684
0.4539473684 0.4539473684 0.5921052632
0.4473684211 0.4473684211 0.6052631579
0.4407894737 0.4407894737 0.6184210526
0.4342105263 0.4342105263 0.6315789474
0.4276315789 0.4276315789 0.6447368421
0.4210526316 0.4210526316 0.6578947368
0.4144736842 0.4144736842 0.6710526316
0.4078947368 0.4078947368 0.6842105263
0.4013157895 0.4013157895 0.6973684211
0.3947368421 0.3947368421 0.7105263158
0.3881578947 0.3881578947 0.7236842105
0.3815789474 0.3815789474 0.7368421053
0.3750000000 0.3750000000 0.7500000000
0.6250000000 0.2500000000 0.6250000000
0.6184210526 0.2368421053 0.6184210526
0.6118421053 0.2236842105 0.6118421053
0.6052631579 0.2105263158 0.6052631579
0.5986842105 0.1973684211 0.5986842105
0.5921052632 0.1842105263 0.5921052632
0.5855263158 0.1710526316 0.5855263158
0.5789473684 0.1578947368 0.5789473684
0.5723684211 0.1447368421 0.5723684211
0.5657894737 0.1315789474 0.5657894737
0.5592105263 0.1184210526 0.5592105263
0.5526315789 0.1052631579 0.5526315789
0.5460526316 0.0921052632 0.5460526316
0.5394736842 0.0789473684 0.5394736842
0.5328947368 0.0657894737 0.5328947368
0.5263157895 0.0526315789 0.5263157895
0.5197368421 0.0394736842 0.5197368421
0.5131578947 0.0263157895 0.5131578947
0.5065789474 0.0131578947 0.5065789474
0.5000000000 0.0000000000 0.5000000000
